9286.650391
10102.917969
9715.428711
9711.101562
9108.786133
9527.636719
9837.744141
9721.816406
9816.879883
10228.481445
9902.210938
9806.166992
10116.420898
10148.238281
10100.925781
9915.233398
10375.266602
10331.698242
9777.733398
10259.597656
9527.477539
9663.744141
9817.964844
9987.263672
9952.032227
10040.236328
9517.253906
10106.481445
10016.933594
9420.804688
9591.943359
10401.025391
10004.482422
9826.132812
9439.856445
9688.539062
9679.222656
10274.622070
9695.132812
9877.318359
9370.445312
10192.780273
10308.261719
9536.455078
9732.269531
10708.357422
9689.569336
9933.390625
9948.552734
9236.925781
10426.039062
9151.412109
9945.468750
9971.112305
9692.865234
9456.509766
9879.242188
9900.385742
9715.332031
9986.011719
10713.423828
9998.333008
10092.752930
9888.470703
9631.824219
9693.300781
9923.059570
9741.040039
9215.541992
9921.719727
9452.023438
9994.070312
9428.664062
9946.800781
9776.027344
9736.032227
9556.274414
9894.619141
10198.537109
10414.130859
9185.312500
9658.791992
10492.034180
10112.401367
9973.097656
10761.244141
9932.618164
9612.317383
9587.541016
10519.771484
9680.096680
9477.753906
10379.453125
11032.470703
9819.240234
10355.420898
10110.689453
10202.264648
9961.338867
10199.299805
9644.603516
9487.804688
9984.214844
10256.861328
9562.491211
8791.724609
10186.256836
10118.482422
9348.776367
10163.608398
9698.470703
9510.230469
10338.687500
10075.872070
10765.259766
10793.263672
10107.019531
9953.022461
9815.113281
10111.413086
9627.542969
10215.893555
10346.438477
10065.074219
9497.748047
9764.214844
9937.334961
10367.933594
9402.388672
10231.697266
9983.968750
10370.446289
10014.121094
9591.080078
9826.653320
9038.769531
9971.974609
9679.886719
9652.973633
9837.185547
9777.894531
10176.124023
9955.493164
9302.869141
9887.548828
9697.419922
10546.452148
10116.341797
10532.314453
10356.997070
9663.791016
9813.903320
9865.489258
9815.728516
9466.605469
10282.817383
9741.806641
10117.571289
10201.435547
9636.231445
10428.685547
9543.292969
9300.778320
10178.021484
10089.127930
9709.671875
9900.831055
9789.728516
9135.111328
10012.944336
9579.842773
10314.154297
10039.450195
10437.788086
9743.094727
9767.912109
9700.669922
9892.941406
9769.681641
9349.050781
9875.403320
9315.684570
9099.802734
10370.803711
9847.953125
10369.497070
9736.676758
10508.409180
9909.537109
10175.171875
9994.338867
9416.865234
10413.882812
9618.535156
9741.205078
10189.353516
9691.238281
10519.007812
10142.493164
10641.152344
讀取時間：26161702
計算時間：16120732
寫入時間：1324831
